alpha			kappa1.999999994504497	0.01
1.9999989813287793	0.02
1.9999787812367809	0.03
1.9998245121162206	0.04
1.9991418119566182	0.05
1.9970437323315637	0.06
1.992137799944079	0.07
1.9829326825335585	0.08
1.968529985302378	0.09
1.949080475575946	0.1
1.9256464260929402	0.11
1.8996720338017385	0.12
1.8724968783628706	0.13
1.845124939026655	0.14
1.8182054947842519	0.15
1.7921087581052195	0.16
1.7670159838136952	0.17
1.7429919166402013	0.18
1.7200343878029158	0.19
1.698105466527027	0.2
1.6771500069386218	0.21
1.6571062582504454	0.22
1.6379117022366836	0.23
1.6195061023564583	0.24
1.6018329593384204	0.25
1.5848400754624947	0.26
1.5684796347149432	0.27
1.5527080320820925	0.28
1.5374855837967034	0.29
1.52277619228508	0.3
1.508547005344175	0.31
1.494768090293827	0.32
1.4814121326202372	0.33
1.468454162747026	0.34
1.4558713111402146	0.35000000000000003
1.4436425903543602	0.36
1.4317487017777084	0.37
1.4201718646500603	0.38
1.4088956648955968	0.39
1.3979049213321875	0.4
1.3871855672530637	0.41000000000000003
1.3767245454328416	0.42
1.3665097148838325	0.43
1.3565297679010802	0.44
1.346774156109994	0.45
1.3372330244472457	0.46
1.3278971519992635	0.47000000000000003
1.3187578990764437	0.48
1.309807159489232	0.49
1.301037317733444	0.5
1.2924412102559346	0.51
1.2840120904926138	0.52
1.275743597200295	0.53
1.2676297257142701	0.54
1.2596648018510115	0.55
1.2518434581199647	0.56
1.2441606120597568	0.5700000000000001
1.2366114464130287	0.58
1.2291913910239112	0.59
1.2218961062552505	0.6
1.2147214677424987	0.61
1.2076635524088466	0.62
1.2007186255698021	0.63
1.193883129117527	0.64
1.1871536705012569	0.65
1.1805270126994027	0.66
1.1740000647958122	0.67
1.1675698733723976	0.68
1.1612336144547122	0.6900000000000001
1.1549885860777092	0.7000000000000001
1.1488322013225245	0.71
1.1427619819547328	0.72
1.1367755526204013	0.73
1.130870633995552	0.74
1.125045040139138	0.75
1.1192966710683536	0.76
1.11362350949712	0.77
1.108023616293819	0.78
1.1024951265386496	0.79
1.0970362456169316	0.8
1.0916452461708017	0.81
1.0863204647207276	0.8200000000000001
1.081060297358095	0.8300000000000001
1.0758631985754883	0.84
1.0707276782309534	0.85
1.0656522975737635	0.86
1.0606356684481226	0.87
1.0556764502151437	0.88
1.0507733477338421	0.89
1.0459251093549469	0.9
1.0411305249855751	0.91
1.0363884242003387	0.92
1.031697674916898	0.93
1.0270571808248	0.9400000000000001
1.0224658810982326	0.9500000000000001
1.0179227478888393	0.96
1.0134267856226105	0.97
1.0089770291963427	0.98
1.0045725431661514	0.99
1.000212420132708	1.0
0.995895779984859	1.01
0.9916217687218511	1.02
0.9873895572139904	1.03
0.9831983405485857	1.04
0.9790473369140053	1.05
0.9749357868180597	1.06
0.970862952185929	1.07
0.9668281155693889	1.08
0.9628305794365999	1.09
0.9588696655702327	1.1
0.9549447138378673	1.11
0.9510550822086342	1.12
0.9472001457357874	1.1300000000000001
0.943379296042169	1.1400000000000001
0.9395919407048597	1.1500000000000001
0.9358375028183887	1.16
0.9321154202548597	1.17
0.9284251453564698	1.18
0.9247661443625256	1.19
0.921137896926531	1.2
0.9175398956612862	1.21
0.9139716460456553	1.22
0.910432665275659	1.23
0.9069224823762371	1.24
0.9034406380981589	1.25
0.8999866839423049	1.26
0.8965601821168789	1.27
0.893160705208832	1.28
0.8897878357835197	1.29
0.8864411661447102	1.3
0.8831202979812048	1.31
0.8798248421131073	1.32
0.8765544182109455	1.33
0.8733086545197015	1.34
0.870087187591594	1.35
0.8668896621191523	1.36
0.8637157305592791	1.37
0.8605650530431089	1.3800000000000001
0.8574372970692768	1.3900000000000001
0.8543321373172074	1.4000000000000001
0.8512492554602257	1.41
0.848188339924587	1.42
0.8451490857642819	1.43
0.8421311944407888	1.44
0.8391343735840093	1.45
0.8361583369258149	1.46
0.8332028039467388	1.47
0.8302675004269305	1.48
0.8273521568577185	1.49
0.8244565097459734	1.5
0.8215803007252512	1.51
0.8187232765683071	1.52
0.8158851890782316	1.53
0.8130657949122821	1.54
0.8102648554969566	1.55
0.8074821368750967	1.56
0.8047174096144557	1.57
0.8019704486519423	1.58
0.7992410332505283	1.59
0.7965289468210693	1.6
0.7938339768463205	1.61
0.7911559147914922	1.62
0.7884945560065867	1.6300000000000001
0.7858496995922631	1.6400000000000001
0.783221148360559	1.6500000000000001
0.7806087087096504	1.6600000000000001
0.7780121905564705	1.67
0.7754314072399296	1.68
0.7728661754460925	1.69
0.7703163151291055	1.7
0.7677816494243213	1.71
0.7652620046059403	1.72
0.7627572099634664	1.73
0.7602670977823605	1.74
0.7577915032210191	1.75
0.7553302643217839	1.76
0.752883221863608	1.77
0.7504502193399453	1.78
0.7480311029285244	1.79
0.7456257213501878	1.8
0.7432339258974842	1.81
0.7408555703077194	1.82
0.7384905107780783	1.83
0.7361386058342624	1.84
0.7337997163724862	1.85
0.7314737055168473	1.86
0.7291604385861578	1.87
0.7268597831532744	1.8800000000000001
0.7245716088532215	1.8900000000000001
0.722295787416613	1.9000000000000001
0.7200321926260844	1.9100000000000001
0.717780700239324	1.92
0.7155411879689708	1.93
0.7133135354502872	1.94
0.7110976242000371	1.95
0.7088933375399906	1.96
0.706700560599217	1.97
0.7045191802930979	1.98
0.7023490852305236	1.99
0.7001901657205833	2.0
0.698042313738682	2.0100000000000002
0.6959054228706945	2.02
0.6937793882928623	2.0300000000000002
0.6916641067554838	2.04
0.6895594765237836	2.05
0.6874653973656076	2.06
0.6853817705182973	2.07
0.6833084986675816	2.08
0.6812454859033016	2.09
0.679192637722436	2.1
0.6771498609409338	2.11
0.6751170637565567	2.12
0.6730941556376352	2.13
0.6710810473757636	2.14
0.6690776509572641	2.15
0.6670838797037559	2.16
0.6650996480576862	2.17
0.663124871712592	2.18
0.6611594674866099	2.19
0.6592033533830948	2.2
0.6572564485228298	2.21
0.6553186731237106	2.22
0.6533899484790541	2.23
0.6514701969965198	2.24
0.649559342077601	2.25
0.6476573081874832	2.2600000000000002
0.6457640207812045	2.27
0.6438794063259093	2.2800000000000002
0.642003392250976	2.29
0.6401359069467137	2.3000000000000003
0.6382768797495866	2.31
0.6364262409134146	2.32
0.6345839216043181	2.33
0.6327498538971191	2.34
0.6309239707101324	2.35
0.629106205869499	2.36
0.6272964939975735	2.37
0.625494770601282	2.38
0.6237009719743992	2.39
0.6219150352438129	2.4
0.6201368982908952	2.41
0.6183664998132637	2.42
0.6166037792514081	2.43
0.6148486768115996	2.44
0.6131011334430287	2.45
0.6113610908090606	2.46
0.6096284913048649	2.47
0.6079032780249053	2.48
0.6061853947601199	2.49
0.6044747859840339	2.5
0.6027713968281738	2.5100000000000002
0.6010751731185011	2.52
0.5993860612901655	2.5300000000000002
0.5977040084426101	2.54
0.5960289623070063	2.5500000000000003
0.5943608712137352	2.56
0.5926996841509508	2.57
0.5910453506348627	2.58
0.5893978208287929	2.59
0.5877570454577568	2.6
0.5861229758176446	2.61
0.5844955637886505	2.62
0.5828747617730045	2.63
0.5812605227464616	2.64
0.5796528002050901	2.65
0.578051548192436	2.66
0.5764567212613337	2.67
0.5748682744854589	2.68
0.5732861634403654	2.69
0.571710344197568	2.7
0.5701407733308888	2.71
0.5685774078894493	2.72
0.5670202053995075	2.73
0.565469123861025	2.74
0.5639241217318952	2.75
0.5623851579374364	2.7600000000000002
0.5608521918277115	2.77
0.5593251832257682	2.7800000000000002
0.5578040923629445	2.79
0.5562888799259451	2.8000000000000003
0.5547795070033513	2.81
0.5532759351162785	2.82
0.5517781261857071	2.83
0.550286042555692	2.84
0.5487996469341748	2.85
0.5473189024770457	2.86
0.5458437726868969	2.87
0.5443742214520811	2.88
0.5429102130674793	2.89
0.5414517121652002	2.9
0.5399986837610298	2.91
0.5385510932427249	2.92
0.5371089063332906	2.93
0.5356720891144346	2.94
0.5342406080490416	2.95
0.5328144298774344	2.96
0.5313935217279356	2.97
0.5299778510494856	2.98
0.5285673856007014	2.99
0.5271620935054884	3.0
0.5257619431551008	3.0100000000000002
0.5243669032950259	3.02
0.5229769429748342	3.0300000000000002
0.5215920315350174	3.04
0.5202121386354955	3.0500000000000003
0.5188372342192217	3.06
0.5174672885466194	3.0700000000000003
0.5161022721435486	3.08
0.5147421558572255	3.09
0.5133869107555492	3.1
0.5120365082511715	3.11
0.5106909200120417	3.12
0.5093501179638059	3.13
0.5080140743065831	3.14
0.5066827615134704	3.15
0.5053561523148868	3.16
0.5040342196957367	3.17
0.5027169369004235	3.18
0.5014042774269374	3.19
0.5000962150156475	3.2
0.49879272365965616	3.21
0.49749377757700514	3.22
0.4961993512559778	3.23
0.4949094193885443	3.24
0.49362395692091815	3.25
0.4923429390118621	3.2600000000000002
0.49106634106322966	3.27
0.4897941387046717	3.2800000000000002
0.4885263077570791	3.29
0.4872628242997397	3.3000000000000003
0.4860036646036593	3.31
0.48474880514756696	3.3200000000000003
0.4834982226549796	3.33
0.4822518940175129	3.34
0.4810097963540908	3.35
0.4797719069807339	3.36
0.47853820341404174	3.37
0.4773086633801294	3.38
0.4760832647829549	3.39
0.47486198572306787	3.4
0.47364480451288454	3.41
0.47243169962422826	3.42
0.4712226497347261	3.43
0.47001763368998495	3.44
0.4688166305415016	3.45
0.4676196195042935	3.46
0.46642657996315984	3.47
0.4652374915054903	3.48
0.46405233386577516	3.49
0.4628710869609995	3.5
0.46169373087557963	3.5100000000000002
0.4605202458585908	3.52
0.45935061235016567	3.5300000000000002
0.45818481090837804	3.54
0.4570228222970253	3.5500000000000003
0.4558646274004052	3.56
0.4547102072741139	3.5700000000000003
0.4535595431546271	3.58
0.4524126164267039	3.59
0.4512694085807568	3.6
0.4501299013153911	3.61
0.44899407644173983	3.62
0.4478619159436733	3.63
0.4467334019347905	3.64
0.4456085166757264	3.65
0.44448724256275357	3.66
0.4433695621647657	3.67
0.4422554581306705	3.68
0.441144913305362	3.69
0.4400379106447258	3.7
0.43893443323514525	3.71
0.43783446431790135	3.72
0.4367379872297908	3.73
0.43564498546814184	3.74
0.4345554426409426	3.75
0.4334693425059222	3.7600000000000002
0.43238666891978716	3.77
0.4313074058883507	3.7800000000000002
0.430231537515337	3.79
0.42915904805877286	3.8000000000000003
0.42808992184724165	3.81
0.42702414338471134	3.8200000000000003
0.4259616972510322	3.83
0.4249025681795541	3.84
0.4238467409822194	3.85
0.4227942006075069	3.86
0.42174493212159536	3.87
0.42069892065847897	3.88
0.41965615153526487	3.89
0.41861661011285456	3.9
0.41758028189692253	3.91
0.4165471524897143	3.92
0.415517207584313	3.93
0.4144904329999887	3.94
0.4134668146682758	3.95
0.41244633859510665	3.96
0.4114289909105207	3.97
0.4104147578220859	3.98
0.4094036256509849	3.99
0.40839558081657457	4.0
0.4073906098530641	4.01
0.4063886993515842	4.0200000000000005
0.4053898360258844	4.03
0.4043940066807868	4.04
0.40340119819288334	4.05
0.40241139757419286	4.0600000000000005
0.40142459186887325	4.07
0.4004407682882021	4.08
0.39945991409879333	4.09
0.3984820165870628	4.1
0.397507063257091	4.11
0.3965350415768679	4.12
0.3955659391811225	4.13
0.39459974376317863	4.14
0.3936364431016129	4.15
0.39267602504453525	4.16
0.39171847754638084	4.17
0.3907637886325629	4.18
0.389811946421434	4.19
0.3888629390748701	4.2
0.3879167548803138	4.21
0.3869733821731045	4.22
0.3860328093770527	4.23
0.38509502498548653	4.24
0.38416001758003737	4.25
0.38322777580178	4.26
0.3822982884385365	4.2700000000000005
0.3813715442145842	4.28
0.38044753204003673	4.29
0.3795262408443195	4.3
0.378607659654573	4.3100000000000005
0.37769177756934796	4.32
0.37677858373799705	4.33
0.3758680674114769	4.34
0.3749602178514695	4.3500000000000005
0.37405502446035077	4.36
0.3731524766342736	4.37
0.372252563976327	4.38
0.3713552759314736	4.39
0.3704606021980502	4.4
0.3695685324804654	4.41
0.36867905653409505	4.42
0.36779216418467275	4.43
0.36690784517100516	4.44
0.3660260899448658	4.45
0.3651468880225159	4.46
0.36427022966975425	4.47
0.3633961050108803	4.48
0.36252450425144794	4.49
0.3616554176659328	4.5
0.36078883557115526	4.51
0.35992474833001165	4.5200000000000005
0.3590631464100864	4.53
0.3582040202904002	4.54
0.35734736054741784	4.55
0.3564931577698481	4.5600000000000005
0.35564140266193833	4.57
0.3547920859047258	4.58
0.35394519830856863	4.59
0.35310073070686326	4.6000000000000005
0.35225867396431754	4.61
0.35141901905467327	4.62
0.35058175696095717	4.63
0.34974687872827237	4.64
0.34891437546196996	4.65
0.34808423830832586	4.66
0.3472564584970556	4.67
0.3464310272875395	4.68
0.34560793593801953	4.69
0.34478717585790325	4.7
0.34396873841082287	4.71
0.34315261507063777	4.72
0.34233879735003125	4.73
0.3415272768201177	4.74
0.3407180450285708	4.75
0.339911093680228	4.76
0.33910641442182193	4.7700000000000005
0.3383039990622327	4.78
0.33750383929735095	4.79
0.3367059270515676	4.8
0.3359102541565072	4.8100000000000005
0.3351168125413036	4.82
0.3343255942037062	4.83
0.3335365911116855	4.84
0.33274979535853577	4.8500000000000005
0.3319651990385003	4.86
0.3311827941575777	4.87
0.33040257332635886	4.88
0.3296245283961137	4.89
0.3288486516732291	4.9
0.3280749355796635	4.91
0.3273033724070683	4.92
0.32653395461598467	4.93
0.32576667454887265	4.94
0.32500152479584155	4.95
0.32423849778365044	4.96
0.32347758613029415	4.97
0.32271878238685026	4.98
0.3219620792786799	4.99
0.32120746938282435	5.0
0.3204549453851878	5.01
0.31970450020828184	5.0200000000000005
0.31895612648192645	5.03
0.31820981709509527	5.04
0.3174655649421047	5.05
0.31672336288902403	5.0600000000000005
0.315983203903762	5.07
0.31524508081183517	5.08
0.3145089869023322	5.09
0.3137749150042566	5.1000000000000005
0.31304285828227724	5.11
0.3123128097725881	5.12
0.3115847627637526	5.13
0.31085871049232094	5.14
0.31013464580635075	5.15
0.30941256242400555	5.16
0.3086924533552642	5.17
0.3079743119739142	5.18
0.3072581317133523	5.19
0.30654390588583114	5.2
0.3058316280564173	5.21
0.30512129135297966	5.22
0.3044128896755947	5.23
0.30370641614063226	5.24
0.30300186457129796	5.25
0.30229922864211334	5.26
0.3015985015064986	5.2700000000000005
0.30089967745779994	5.28
0.3002027494826279	5.29
0.29950771193830755	5.3
0.2988145577361423	5.3100000000000005
0.29812328166207974	5.32
0.29743387665070753	5.33
0.2967463373865783	5.34
0.2960606569141308	5.3500000000000005
0.29537682983941743	5.36
0.2946948494899794	5.37
0.2940147081768729	5.38
0.29333640400209804	5.39
0.2926599275935287	5.4
0.29198527505093785	5.41
0.2913124391891654	5.42
0.2906414131922723	5.43
0.2899721931901204	5.44
0.2893047718329326	5.45
0.2886391439544122	5.46
0.28797530416325895	5.47
0.2873132460840355	5.48
0.28665296372961446	5.49
0.285994451759711	5.5
0.28533770457001245	5.51
0.28468271631373515	5.5200000000000005
0.2840294815144302	5.53
0.283377994092204	5.54
0.28272824896334775	5.55
0.28208024026038003	5.5600000000000005
0.28143396255508935	5.57
0.2807894101932719	5.58
0.2801465778339051	5.59
0.2795054598881164	5.6000000000000005
0.2788660510279028	5.61
0.2782283456529461	5.62
0.2775923385586478	5.63
0.27695802421273363	5.64
0.2763253973046777	5.65
0.27569445254697683	5.66
0.27506518460366314	5.67
0.2744375881523646	5.68
0.27381165798766466	5.69
0.27318738881489035	5.7
0.2725647755031548	5.71
0.2719438127832565	5.72
0.27132449550530935	5.73
0.27070681853635664	5.74
0.27009077674366916	5.75
0.2694763650169251	5.76
0.2688635782529807	5.7700000000000005
0.26825241142169237	5.78
0.2676428594672625	5.79
0.2670349174021814	5.8
0.2664285801793215	5.8100000000000005
0.2658238428578904	5.82
0.26522070047703855	5.83
0.2646191481097967	5.84
0.264019180802097	5.8500000000000005
0.26342079370442	5.86
0.26282398195559054	5.87
0.26222874063326324	5.88
0.2616350649750111	5.89
0.2610429501460168	5.9
0.26045239133424886	5.91
0.25986338379742435	5.92
0.25927592275863537	5.93
0.25869000351026245	5.94
0.25810562131904635	5.95
0.2575227714837663	5.96
0.2569414493446493	5.97
0.25636165023332824	5.98
0.255783369518793	5.99
0.25520660258995265	6.0
0.25463134483212596	6.01
0.2540575916588519	6.0200000000000005
0.2534853385251058	6.03
0.25291458086083896	6.04
0.2523453141681624	6.05
0.251777533910558	6.0600000000000005
0.2512112356365942	6.07
0.25064641481864147	6.08
0.2500830670452039	6.09
0.24952118783195626	6.1000000000000005
0.2489607727998619	6.11
0.2484018175363727	6.12
0.24784431765046144	6.13
0.24728826877917062	6.140000000000001
0.2467336665651463	6.15
0.24618050666841892	6.16
0.24562878478309458	6.17
0.24507849659528874	6.18
0.24452963784879747	6.19
0.24398220423774059	6.2
0.24343619153378074	6.21
0.24289159549131809	6.22
0.24234841190354411	6.23
0.2418066365479204	6.24
0.2412662652600607	6.25
0.24072729385735314	6.26
0.2401897181925485	6.2700000000000005
0.23965353411660922	6.28
0.23911873750637563	6.29
0.23858532427746496	6.3
0.2380532903072461	6.3100000000000005
0.23752263152442232	6.32
0.2369933438978193	6.33
0.2364654233490717	6.34
0.23593886585901538	6.3500000000000005
0.2354136673940101	6.36
0.2348898239898418	6.37
0.23436733163310688	6.38
0.2338461863650636	6.390000000000001
0.2333263842126745	6.4
0.23280792126955863	6.41
0.23229079356840765	6.42
0.23177499721686737	6.43
0.2312605283087603	6.44
0.23074738297503916	6.45
0.23023555734366205	6.46
0.22972504752830877	6.47
0.2292158497322449	6.48
0.22870796009288488	6.49
0.22820137482242867	6.5
0.22769609010522543	6.51
0.22719210215222133	6.5200000000000005
0.22668940722170217	6.53
0.22618800152468824	6.54
0.2256878813218567	6.55
0.22518904289208197	6.5600000000000005
0.22469148250314552	6.57
0.2241951964599588	6.58
0.22370018107302012	6.59
0.22320643265157494	6.6000000000000005
0.2227139475513851	6.61
0.22222272210587918	6.62
0.22173275266599546	6.63
0.22124403564489173	6.640000000000001
0.2207565673908268	6.65
0.22027034430286177	6.66
0.21978536281332925	6.67
0.21930161935793227	6.68
0.21881911034423646	6.69
0.21833783223474798	6.7
0.21785778148624474	6.71
0.2173789545873783	6.72
0.21690134801935984	6.73
0.21642495827411928	6.74
0.21594978186027297	6.75
0.2154758153267772	6.76
0.21500305518909804	6.7700000000000005
0.21453149799924745	6.78
0.21406114031246087	6.79
0.21359197870597324	6.8
0.21312400975868404	6.8100000000000005
0.2126572300745046	6.82
0.21219163626919402	6.83
0.21172722493473364	6.84
0.21126399270577798	6.8500000000000005
0.21080193623049995	6.86
0.2103410521797556	6.87
0.20988133719903992	6.88
0.20942278796985347	6.890000000000001
0.20896540117762652	6.9
0.2085091735153356	6.91
0.20805410170227326	6.92
0.20760018246133283	6.93
0.20714741250866286	6.94
0.20669578860709897	6.95
0.20624530749400133	6.96
0.20579596595187935	6.97
0.20534776073614	6.98
0.2049006886494659	6.99
0.2044547464688562	7.0
0.2040099310423071	7.01
0.2035662391566246	7.0200000000000005
0.2031236676449191	7.03
0.2026822133504991	7.04
0.20224187311377004	7.05
0.20180264381467083	7.0600000000000005
0.20136452232111196	7.07
0.20092750550261343	7.08
0.20049159025074498	7.09
0.20005677348845505	7.1000000000000005
0.19962305210585649	7.11
0.19919042304383067	7.12
0.19875888321402624	7.13
0.19832842958138902	7.140000000000001
0.19789905908605235	7.15
0.19747076869550878	7.16
0.19704355538050974	7.17
0.1966174161254423	7.18
0.19619234791200568	7.19
0.19576834776195812	7.2
0.1953454126765126	7.21
0.19492353967483775	7.22
0.19450272580646893	7.23
0.19408296808509848	7.24
0.19366426358507563	7.25
0.19324660934783602	7.26
0.19283000245384005	7.2700000000000005
0.19241443998062005	7.28
0.19199991901829472	7.29
0.19158643667747732	7.3
0.19117399004051538	7.3100000000000005
0.1907625762400805	7.32
0.19035219239329093	7.33
0.18994283563829073	7.34
0.18953450312385756	7.3500000000000005
0.18912719200586878	7.36
0.1887208994365675	7.37
0.18831562259314255	7.38
0.18791135865860747	7.390000000000001
0.18750810481094599	7.4
0.1871058582621716	7.41
0.18670461622446624	7.42
0.18630437589659493	7.43
0.18590513450661122	7.44
0.1855068892974031	7.45
0.1851096375122453	7.46
0.18471337639705818	7.47
0.18431810320083705	7.48
0.18392381521981577	7.49
0.18353050971118515	7.5
0.1831381839698025	7.51
0.18274683526983682	7.5200000000000005
0.1823564609449914	7.53
0.18196705828580578	7.54
0.18157862461264035	7.55
0.18119115727165913	7.5600000000000005
0.18080465356965433	7.57
0.1804191108792424	7.58
0.1800345265268521	7.59
0.1796508979077404	7.6000000000000005
0.17926822237156334	7.61
0.17888649730269987	7.62
0.17850572005157012	7.63
0.17812588805071583	7.640000000000001
0.17774699869634245	7.65
0.1773690494129589	7.66
0.17699203757518978	7.67
0.1766159606638391	7.68
0.17624081604862277	7.69
0.17586660122496317	7.7
0.17549331362344062	7.71
0.17512095069594555	7.72
0.1747495099157195	7.73
0.17437898875712052	7.74
0.1740093847044167	7.75
0.17364069524174025	7.76
0.1732729178543316	7.7700000000000005
0.17290605006152035	7.78
0.17254008935331705	7.79
0.17217503327977698	7.8
0.17181087936211203	7.8100000000000005
0.17144762513056475	7.82
0.17108526808426672	7.83
0.1707238058483541	7.84
0.17036323591828698	7.8500000000000005
0.17000355588474111	7.86
0.1696447633351732	7.87
0.16928685582285274	7.88
0.16892983093344277	7.890000000000001
0.16857368627232439	7.9
0.1682184194350881	7.91
0.16786402804759595	7.92
0.1675105096997749	7.930000000000001
0.1671578620375183	7.94
0.16680608266247599	7.95
0.1664551692308405	7.96
0.1661051193814388	7.97
0.1657559307689328	7.98
0.16540760105353744	7.99
0.16506012790308594	8.0
0.16471350897453912	8.01
0.16436774196092724	8.02
0.16402282454843475	8.03
0.16367875443512397	8.040000000000001
0.16333552928161962	8.05
0.16299314686921168	8.06
0.16265160484486219	8.07
0.16231090093315742	8.08
0.16197103292088078	8.09
0.16163199849635043	8.1
0.161293795400831	8.11
0.16095642137620664	8.120000000000001
0.16061987420630086	8.13
0.16028415165964813	8.14
0.15994925140623617	8.15
0.15961517138424744	8.16
0.15928190925621222	8.17
0.15894946283254674	8.18
0.15861782992711196	8.19
0.15828700831497927	8.2
0.15795699582967634	8.21
0.1576277902397888	8.22
0.15729938943863886	8.23
0.1569717912009721	8.24
0.15664499335541648	8.25
0.15631899379117753	8.26
0.1559937903093901	8.27
0.15566938078189016	8.28
0.15534576306291092	8.290000000000001
0.15502293499597025	8.3
0.1547008944679211	8.31
0.15437963938804272	8.32
0.15405916760842786	8.33
0.15373947700258514	8.34
0.15342056551314517	8.35
0.15310243099564005	8.36
0.15278507140958694	8.370000000000001
0.15246848459356893	8.38
0.15215266853425788	8.39
0.15183762115186936	8.4
0.15152334037081366	8.41
0.15120982412549308	8.42
0.15089707032536484	8.43
0.15058507698916734	8.44
0.15027384206829358	8.45
0.1499633634617746	8.46
0.14965363920175748	8.47
0.14934466722348863	8.48
0.14903644551387685	8.49
0.14872897208637553	8.5
0.14842224491418782	8.51
0.1481162620019464	8.52
0.14781102133367524	8.53
0.14750652094673636	8.540000000000001
0.1472027588673271	8.55
0.14689973305914283	8.56
0.1465974415816413	8.57
0.14629588252280296	8.58
0.14599505380827646	8.59
0.1456949535580693	8.6
0.1453955798689432	8.61
0.14509693068996338	8.620000000000001
0.14479900413993418	8.63
0.1445017982897808	8.64
0.1442053111590699	8.65
0.14390954088235897	8.66
0.14361448555014805	8.67
0.14332014319924963	8.68
0.14302651195916977	8.69
0.1427335899462124	8.700000000000001
0.1424413752341895	8.71
0.1421498659244373	8.72
0.14185906016598673	8.73
0.1415689561045539	8.74
0.14127955177760576	8.75
0.1409908454023493	8.76
0.1407028350666631	8.77
0.14041551896245524	8.78
0.14012889517174912	8.790000000000001
0.1398429619063614	8.8
0.13955771730136035	8.81
0.139273159564338	8.82
0.13898928678208222	8.83
0.13870609720813934	8.84
0.13842358899543203	8.85
0.13814176029414038	8.86
0.13786060934710592	8.870000000000001
0.1375801343468161	8.88
0.13730033344861522	8.89
0.13702120493210662	8.9
0.13674274692907964	8.91
0.13646495769366623	8.92
0.1361878354493428	8.93
0.13591137843920742	8.94
0.13563558486237476	8.950000000000001
0.13536045299869393	8.96
0.1350859810472674	8.97
0.13481216726596454	8.98
0.1345390099098961	8.99
0.13426650722034147	9.0
0.1339946574644942	9.01
0.13372345898167384	9.02
0.13345290999314813	9.03
0.13318300872431366	9.040000000000001
0.13291375346693166	9.05
0.132645142642145	9.06
0.1323771743727848	9.07
0.13210984704260492	9.08
0.13184315894610635	9.09
0.13157710832300876	9.1
0.13131169356606456	9.11
0.13104691299827712	9.120000000000001
0.13078276487262508	9.13
0.13051924754399827	9.14
0.1302563593413346	9.15
0.12999409861866532	9.16
0.1297324636999868	9.17
0.1294714529314445	9.18
0.12921106464971346	9.19
0.1289512972280677	9.200000000000001
0.12869214902251705	9.21
0.12843361835192071	9.22
0.1281757036463217	9.23
0.1279184032883805	9.24
0.12766171552448088	9.25
0.12740563894478685	9.26
0.12715017173794313	9.27
0.12689531242376784	9.28
0.1266410593323949	9.290000000000001
0.1263874109048677	9.3
0.126134365449127	9.31
0.12588192156408484	9.32
0.12563007751054278	9.33
0.12537883168556863	9.34
0.12512818262911488	9.35
0.12487812866023074	9.36
0.1246286682827373	9.370000000000001
0.12437979986543042	9.38
0.12413152196627965	9.39
0.12388383279341098	9.4
0.12363673115872782	9.41
0.12339021520101032	9.42
0.1231442835268996	9.43
0.12289893454474331	9.44
0.12265416673126738	9.450000000000001
0.12240997852174072	9.46
0.12216636846370009	9.47
0.1219233349979284	9.48
0.12168087665128473	9.49
0.12143899177076427	9.5
0.12119767905384524	9.51
0.12095693679945417	9.52
0.12071676362352424	9.53
0.12047715805774618	9.540000000000001
0.12023811849821384	9.55
0.11999964354792703	9.56
0.11976173169278943	9.57
0.11952438147256378	9.58
0.11928759133729339	9.59
0.11905135995158031	9.6
0.11881568574149119	9.61
0.11858056721349748	9.620000000000001
0.11834600304882459	9.63
0.11811199167251961	9.64
0.11787853163917751	9.65
0.11764562161031829	9.66
0.11741326011635941	9.67
0.11718144556097845	9.68
0.11695017671643208	9.69
0.11671945194027276	9.700000000000001
0.11648927008852805	9.71
0.11625962950741926	9.72
0.11603052883807019	9.73
0.115801966686579	9.74
0.11557394167204191	9.75
0.11534645230805092	9.76
0.1151194972477178	9.77
0.11489307508833345	9.78
0.11466718443197019	9.790000000000001
0.11444182385004899	9.8
0.11421699204354994	9.81
0.11399268756018549	9.82
0.11376890899047387	9.83
0.11354565510121699	9.84
0.11332292432307704	9.85
0.1131007154876589	9.86
0.1128790271067709	9.870000000000001
0.1126578578040161	9.88
0.11243720633573824	9.89
0.11221707128472334	9.9
0.11199745123593893	9.91
0.11177834494673884	9.92
0.11155975105156014	9.93
0.11134166818316978	9.94
0.11112409502768937	9.950000000000001
0.11090703032172146	9.96
0.11069047260139761	9.97
0.11047442060680264	9.98
0.1102588731325167	9.99
0.11004382860869437	10.0
0.10982928595000811	10.01
0.1096152438014047	10.02
0.10940170079026311	10.03
0.10918865570063055	10.040000000000001
0.10897610714851098	10.05
0.10876405391329137	10.06
0.10855249462607604	10.07
0.10834142814398735	10.08
0.10813085304580047	10.09
0.10792076806076191	10.1
0.10771117197657296	10.11
0.10750206348105401	10.120000000000001
0.10729344139304998	10.13
0.10708530432004776	10.14
0.10687765112107284	10.15
0.10667048040296026	10.16
0.10646379100959398	10.17
0.1062575816523913	10.18
0.10605185112372968	10.19
0.10584659816847335	10.200000000000001
0.10564182149061892	10.21
0.10543751988034374	10.22
0.10523369213744613	10.23
0.10503033704898403	10.24
0.10482745327055926	10.25
0.10462503976571866	10.26
0.10442309514616499	10.27
0.10422161825121758	10.28
0.10402060788666555	10.290000000000001
0.10382006285794133	10.3
0.10361998187634623	10.31
0.10342036383241664	10.32
0.10322120746248437	10.33
0.10302251161937569	10.34
0.10282427514991781	10.35
0.10262649668304814	10.36
0.10242917520154364	10.370000000000001
0.10223230949027083	10.38
0.10203589833854437	10.39
0.10183994056828752	10.4
0.10164443500884851	10.41
0.10144938047040597	10.42
0.10125477592763084	10.43
0.10106062003782458	10.44
0.10086691174241151	10.450000000000001
0.10067364983516901	10.46
0.10048083315619087	10.47
0.10028846059775609	10.48
0.10009653097035325	10.49
0.09990504316068717	10.5
0.09971399601427205	10.51
0.0995233884290393	10.52
0.09933321920963656	10.53
0.09914348720366084	10.540000000000001
0.09895419142565488	10.55
0.0987653305960319	10.56
0.09857690366060581	10.57
0.09838890944941486	10.58
0.09820134694223204	10.59
0.0980142149148925	10.6
0.09782751233764274	10.61
0.09764123811927314	10.620000000000001
0.09745539111534272	10.63
0.09726997005966599	10.64
0.09708497429867718	10.65
0.09690040228925344	10.66
0.09671625311935324	10.67
0.09653252569515282	10.68
0.09634921898496246	10.69
0.0961663317358823	10.700000000000001
0.09598386306359954	10.71
0.09580181172872422	10.72
0.09562017682155821	10.73
0.09543895713153715	10.74
0.09525815167362867	10.75
0.09507775929142229	10.76
0.09489777911492633	10.77
0.0947182097922257	10.78
0.09453905041709751	10.790000000000001
0.09436030004408857	10.8
0.09418195750913597	10.81
0.09400402175875142	10.82
0.09382649171978535	10.83
0.09364936653169405	10.84
0.09347264494801791	10.85
0.09329632599393617	10.86
0.09312040872659248	10.870000000000001
0.09294489188521733	10.88
0.092769774748486	10.89
0.09259505620303478	10.9
0.09242073488962337	10.91
0.09224681024602642	10.92
0.092073281073422	10.93
0.09190014626267574	10.94
0.0917274049963028	10.950000000000001
0.09155505617217097	10.96
0.09138309873951782	10.97
0.09121153182444469	10.98
0.09104035428196006	10.99
0.09086956503869106	11.0
0.09069916338669007	11.01
0.09052914818757893	11.02
0.09035951850826096	11.03
0.09019027305258599	11.040000000000001
0.09002141127033192	11.05
0.08985293192932929	11.06
0.08968483414178977	11.07
0.08951711692729361	11.08
0.0893497793165844	11.09
0.08918282043305481	11.1
0.08901623895540586	11.11
0.08885003419806246	11.120000000000001
0.08868420521752016	11.13
0.08851875096626952	11.14
0.08835367071633715	11.15
0.08818896300084099	11.16
0.08802462737421905	11.17
0.0878606627269916	11.18
0.08769706795414729	11.19
0.08753384237082577	11.200000000000001
0.08737098471733376	11.21
0.08720849437707194	11.22
0.08704637029868004	11.23
0.08688461151484746	11.24
0.0867232171029039	11.25
0.0865621861764414	11.26
0.08640151753463407	11.27
0.08624121085767701	11.28
0.08608126473193821	11.290000000000001
0.08592167830134136	11.3
0.08576245076271283	11.31
0.08560358119498677	11.32
0.08544506862855737	11.33
0.08528691212586155	11.34
0.08512911088279175	11.35
0.08497166379914586	11.36
0.08481457050910714	11.370000000000001
0.08465782949400229	11.38
0.08450143996493271	11.39
0.08434540127186742	11.4
0.08418971241588843	11.41
0.0840343724534207	11.42
0.08387938057394011	11.43
0.08372473593283859	11.44
0.08357043748260597	11.450000000000001
0.0834164844995855	11.46
0.08326287600500185	11.47
0.08310961121072524	11.48
0.082956689249491	11.49
0.08280410912750731	11.5
0.08265187008916654	11.51
0.08249997123972933	11.52
0.08234841176375843	11.53
0.0821971906967797	11.540000000000001
0.08204630723032301	11.55
0.08189576058015353	11.56
0.0817455498235719	11.57
0.08159567404441645	11.58
0.08144613234469307	11.59
0.08129692441847074	11.6
0.08114804869500128	11.61
0.08099950485616123	11.620000000000001
0.0808512916568399	11.63
0.08070340849784814	11.64
0.08055585463140917	11.65
0.0804086288867452	11.66
0.08026173085010412	11.67
0.08011515929384357	11.68
0.07996891372270985	11.69
0.07982299317024141	11.700000000000001
0.07967739678905268	11.71
0.07953212370104047	11.72
0.07938717333158105	11.73
0.0792425447134127	11.74
0.07909823698733298	11.75
0.0789542494096326	11.76
0.07881058112048654	11.77
0.07866723136225257	11.78
0.07852419945350238	11.790000000000001
0.07838148438403403	11.8
0.07823908542239959	11.81
0.07809700185598903	11.82
0.0779552327730795	11.83
0.07781377741212658	11.84
0.07767263499352449	11.85
0.07753180468036637	11.86
0.07739128588852875	11.870000000000001
0.0772510776393197	11.88
0.07711117919511662	11.89
0.07697158972860389	11.9
0.07683230846312102	11.91
0.07669333495012069	11.92
0.07655466788646408	11.93
0.07641630684993743	11.94
0.076278251017335	11.950000000000001
0.07614049954825124	11.96
0.07600305154998829	11.97
0.07586590684626424	11.98
0.07572906382586905	11.99
0.0755925224786233	12.0
0.07545628150847726	12.01
0.07532034055005311	12.02
0.07518469855102353	12.030000000000001
0.07504935488584188	12.040000000000001
0.07491430894314145	12.05
0.07477955974913482	12.06
0.07464510673335442	12.07
0.07451094906190815	12.08
0.07437708610004977	12.09
0.0742435168193981	12.1
0.07411024081456617	12.11
0.0739772571916888	12.120000000000001
0.07384456524649131	12.13
0.07371216437558664	12.14
0.07358005361266871	12.15
0.0734482322732646	12.16
0.07331669987069704	12.17
0.07318545552513564	12.18
0.07305449842043209	12.19
0.07292382792533252	12.200000000000001
0.07279344344192946	12.21
0.07266334405461766	12.22
0.07253352919049826	12.23
0.07240399793609999	12.24
0.07227474987310754	12.25
0.07214578410416025	12.26
0.07201710006921214	12.27
0.07188869681261517	12.280000000000001
0.07176057400240693	12.290000000000001
0.07163273063867504	12.3
0.0715051661739775	12.31
0.07137787983512119	12.32
0.07125087094450466	12.33
0.07112413874525937	12.34
0.07099768269618034	12.35
0.07087150206973147	12.36
0.0707455959670913	12.370000000000001
0.07061996403140798	12.38
0.07049460536401736	12.39
0.07036951958462218	12.4
0.07024470543052547	12.41
0.07012016279349755	12.42
0.06999589067387603	12.43
0.06987188867876441	12.44
0.06974815570808482	12.450000000000001
0.06962469163298403	12.46
0.06950149526889576	12.47
0.069378566280031	12.48
0.06925590396087598	12.49
0.0691335075594795	12.5
0.0690113763824309	12.51
0.06888950990859938	12.52
0.06876790747377334	12.530000000000001
0.06864656828408537	12.540000000000001
0.06852549171582052	12.55
0.0684046771813254	12.56
0.06828412413015361	12.57
0.06816383172301727	12.58
0.06804379942808088	12.59
0.06792402650700038	12.6
0.06780451243603991	12.61
0.06768525641541698	12.620000000000001
0.06756625794360038	12.63
0.06744751651560521	12.64
0.0673290310999074	12.65
0.06721080140888754	12.66
0.06709282657424535	12.67
0.06697510621292212	12.68
0.06685763952455953	12.69
0.06674042587031578	12.700000000000001
0.06662346470662073	12.71
0.06650675533038244	12.72
0.06639029751924953	12.73
0.06627408974479139	12.74
0.06615813223459585	12.75
0.06604242395063042	12.76
0.06592696446426967	12.77
0.06581175312851632	12.780000000000001
0.06569678931361608	12.790000000000001
0.06558207239770193	12.8
0.06546760169971845	12.81
0.06535337677723718	12.82
0.06523939706013013	12.83
0.0651256615739497	12.84
0.0650121700939062	12.85
0.06489892186391082	12.86
0.06478591666129024	12.870000000000001
0.06467315295222312	12.88
0.0645606309575211	12.89
0.06444834977548906	12.9
0.06433630905022891	12.91
0.06422450788995025	12.92
0.06411294588740477	12.93
0.0640016224974805	12.94
0.06389053703229708	12.950000000000001
0.06377968892662958	12.96
0.06366907754453716	12.97
0.06355870233173276	12.98
0.06344856272816916	12.99
0.06333865821056224	13.0
0.06322898819853039	13.01
0.06311955199461623	13.02
0.06301034903677892	13.030000000000001
0.06290137904311785	13.040000000000001
0.06279264086807002	13.05
0.06268413447820806	13.06
0.06257585931412735	13.07
0.062467814328437676	13.08
0.06235999928072917	13.09
0.06225241366061012	13.1
0.06214505680155743	13.11
0.062037928090353335	13.120000000000001
0.06193102704509805	13.13
0.06182435310786251	13.14
0.06171790565221024	13.15
0.06161168447542103	13.16
0.06150568843914076	13.17
0.06139991722494579	13.18
0.06129437072386991	13.19
0.061189047828714864	13.200000000000001
0.06108394787281761	13.21
0.060979070855249444	13.22
0.06087441600445849	13.23
0.0607699827545719	13.24
0.060665770532642986	13.25
0.060561778874771356	13.26
0.060458007135870885	13.27
0.060354454911190916	13.280000000000001
0.06025112172319523	13.290000000000001
0.0601480067225448	13.3
0.0600451096074084	13.31
0.05994242985561318	13.32
0.059839966878104466	13.33
0.05973772021773066	13.34
0.059635689255852976	13.35
0.059533873510308026	13.36
0.05943227237805825	13.370000000000001
0.05933088554408105	13.38
0.05922971232894596	13.39
0.059128752129266084	13.4
0.059028004546052	13.41
0.05892746924624543	13.42
0.05882714534550448	13.43
0.05872703250624142	13.44
0.058627130302477716	13.450000000000001
0.05852743807186103	13.46
0.05842795543635706	13.47
0.058328681569801664	13.48
0.058229616547045566	13.49
0.05813075948312217	13.5
0.05803210979274977	13.51
0.057933666871367535	13.52
0.0578354310745271	13.530000000000001
0.05773740082744275	13.540000000000001
0.057639576201692584	13.55
0.05754195639967829	13.56
0.05744454139745101	13.57
0.05734733000934433	13.58
0.057250322497936525	13.59
0.05715351793812092	13.6
0.05705691589848953	13.61
0.05696051574829416	13.620000000000001
0.05686431737169623	13.63
0.056768319890045146	13.64
0.0566725229620033	13.65
0.05657692618468842	13.66
0.05648152911559908	13.67
0.05638633105146203	13.68
0.05629133166212028	13.69
0.056196530391175885	13.700000000000001
0.05610192682588347	13.71
0.05600752052080909	13.72
0.05591331092193881	13.73
0.0558192975967814	13.74
0.055725480080176616	13.75
0.05563185792370125	13.76
0.055538430482667475	13.77
0.05544519742942009	13.780000000000001
0.05535215828414798	13.790000000000001
0.0552593127366559	13.8
0.05516666002109013	13.81
0.0550741999688514	13.82
0.05498193169738607	13.83
0.05488985517347383	13.84
0.05479796967765835	13.85
0.054706275062363065	13.86
0.054614770522100155	13.870000000000001
0.05452345573275518	13.88
0.054432330115159355	13.89
0.05434139343292703	13.9
0.05425064517508832	13.91
0.054160084821600854	13.92
0.054069711972372626	13.93
0.0539795261303766	13.94
0.053889526862157804	13.950000000000001
0.05379971372092529	13.96
0.05371008618952152	13.97
0.053620644095679	13.98
0.053531386744039365	13.99
0.05344231361948369	14.0
0.05335342455249842	14.01
0.05326471884469094	14.02
0.05317619616028364	14.030000000000001
0.05308785630965955	14.040000000000001
0.05299969834975769	14.05
0.052911722308150215	14.06
0.05282392740293768	14.07
0.052736313372648856	14.08
0.052648879766459405	14.09
0.05256162632554071	14.1
0.05247455219586545	14.11
0.052387657408231356	14.120000000000001
0.05230094114863189	14.13
0.052214403392885966	14.14
0.05212804320600969	14.15
0.0520418605805549	14.16
0.05195585507394205	14.17
0.05187002598070391	14.18
0.05178437310872811	14.19
0.05169889598547937	14.200000000000001
0.051613594189171344	14.21
0.05152846733373193	14.22
0.05144351479351155	14.23
0.05135873649310934	14.24
0.05127413182225088	14.25
0.05118970044795589	14.26
0.051105441760437346	14.27
0.05102135567017239	14.280000000000001
0.05093744128051058	14.290000000000001
0.050853698897772415	14.3
0.05077012758427988	14.31
0.05068672681712458	14.32
0.05060349675655391	14.33
0.050520436403502476	14.34
0.05043754583046261	14.35
0.05035482422526152	14.36
0.05027227164656273	14.370000000000001
0.05018988735329478	14.38
0.050107670880870266	14.39
0.05002562203549841	14.4
0.04994374046941441	14.41
0.04986202554855159	14.42
0.04978047710306811	14.43
0.04969909453947478	14.44
0.04961787768868277	14.450000000000001
0.04953682598964238	14.46
0.04945593906348494	14.47
0.049375216631811734	14.48
0.04929465823974913	14.49
0.049214263415103224	14.5
0.049134031842875035	14.51
0.04905396318061419	14.52
0.048974056915525276	14.530000000000001
0.04889431292605541	14.540000000000001
0.04881473068767384	14.55
0.04873530958279202	14.56
0.048656049745616846	14.57
0.048576949871658386	14.58
0.04849801085913338	14.59
0.048419231153756855	14.6
0.0483406111116077	14.61
0.04826215021925728	14.620000000000001
0.04818384792817798	14.63
0.048105704174720265	14.64
0.04802771791287426	14.65
0.04794988945037911	14.66
0.04787221815892406	14.67
0.047794703828411875	14.68
0.047717345804562376	14.69
0.04764014403777945	14.700000000000001
0.04756309782041504	14.71
0.04748620713243639	14.72
0.04740947120167203	14.73
0.047332890204971216	14.74
0.047256463197742515	14.75
0.04718019012969726	14.76
0.047104070736249275	14.77
0.04702810451610419	14.780000000000001
0.04695229114791482	14.790000000000001
0.04687662996768203	14.8
0.04680112119361781	14.81
0.04672576411464498	14.82
0.04665055837275071	14.83
0.04657550361014233	14.84
0.04650059967511787	14.85
0.046425845959299494	14.86
0.04635124230819894	14.870000000000001
0.046276788185299546	14.88
0.04620248337334183	14.89
0.046128327482051396	14.9
0.046054320332642625	14.91
0.04598046115267079	14.92
0.04590674989330442	14.93
0.045833186277474056	14.94
0.04575976987852127	14.950000000000001
0.045686500355198716	14.96
0.0456133772483311	14.97
0.04554040044915168	14.98
0.045467569067635306	14.99
0.04539488354953401	15.0
0.045322343093291605	15.01
0.04524994700952884	15.02
0.04517769624233374	15.030000000000001
0.04510558893510431	15.040000000000001
0.0450336257411789	15.05
0.044961805739553135	15.06
0.04489012925975431	15.07
0.04481859536856483	15.08
0.04474720383710189	15.09
0.04467595457423488	15.1
0.0446048468480952	15.11
0.0445338810240463	15.120000000000001
0.04446305592547462	15.13
0.044392371692973234	15.14
0.0443218282201511	15.15
0.0442514247439628	15.16
0.04418116101259525	15.17
0.04411103699576997	15.18
0.0440410519559858	15.19
0.043971205742650114	15.200000000000001
0.04390149825207993	15.21
0.04383192884264875	15.22
0.043762497720225536	15.23
0.04369320351834567	15.24
0.04362404691291187	15.25
0.04355502710631527	15.26
0.04348614384231552	15.27
0.043417397129372495	15.280000000000001
0.04334878649145344	15.290000000000001
0.04328031131320266	15.3
0.04321197138052105	15.31
0.043143766670470436	15.32
0.043075696892086394	15.33
0.04300776114473168	15.34
0.04293995953670935	15.35
0.042872291823052126	15.36
0.04280475770596977	15.370000000000001
0.04273735657348889	15.38
0.042670088490447795	15.39
0.042602952858257694	15.4
0.042535949488894303	15.41
0.042469078472230797	15.42
0.04240233849341586	15.43
0.042335730057465625	15.44
0.042269252830714844	15.450000000000001
0.042202906023077205	15.46
0.04213668992371476	15.47
0.04207060388837703	15.48
0.042004647686957004	15.49
0.04193882114380542	15.5
0.04187312378319087	15.51
0.04180755516991822	15.52
0.041742115507751316	15.530000000000001
0.04167680391591273	15.540000000000001
0.041611620660297874	15.55
0.04154656481805549	15.56
0.04148163685442566	15.57
0.04141683603789954	15.58
0.04135216179376286	15.59
0.041287614159926114	15.6
0.04122319303894737	15.610000000000001
0.041158897765101295	15.620000000000001
0.04109472833453549	15.63
0.04103068420593216	15.64
0.04096676514121264	15.65
0.040902971317914545	15.66
0.04083930193529269	15.67
0.040775756783467496	15.68
0.04071233539322959	15.69
0.04064903789817749	15.700000000000001
0.04058586394119988	15.71
0.04052281303476855	15.72
0.04045988501137956	15.73
0.04039707964459631	15.74
0.040334396578440186	15.75
0.04027183550715122	15.76
0.04020939606983417	15.77
0.04014707835942391	15.780000000000001
0.04008488171173991	15.790000000000001
0.04002280599490437	15.8
0.0399608505644126	15.81
0.03989901598307891	15.82
0.03983730135780766	15.83
0.03977570659816255	15.84
0.03971423122388402	15.85
0.039652875282720185	15.860000000000001
0.039591638308582734	15.870000000000001
0.039530520016354286	15.88
0.03946952019661905	15.89
0.03940863836377837	15.9
0.03934787483172387	15.91
0.03928722863862413	15.92
0.039226700126158	15.93
0.039166288552974514	15.94
0.039105993803646044	15.950000000000001
0.039045815732340415	15.96
0.038985753994433325	15.97
0.03892580809838792	15.98
0.038865978278020234	15.99
0.03880626359441649	16.0
0.038746664478078834	16.01
0.03868718039853755	16.02
0.03862781099351338	16.03
0.03856855601516032	16.04
0.038509415312247774	16.05
0.038450388605214214	16.06
0.03839147545863276	16.07
0.03833267592533536	16.080000000000002
0.038273989518941384	16.09
0.03821541602697868	16.1
0.03815695525952136	16.11
0.03809860694158878	16.12
0.038040370669249236	16.13
0.0379822464049932	16.14
0.03792423369885317	16.15
0.03786633255764553	16.16
0.03780854249208839	16.17
0.0377508633255237	16.18
0.037693294744769436	16.19
0.03763583677547898	16.2
0.03757848884598774	16.21
0.03752125071542745	16.22
0.037464122463907026	16.23
0.03740710340646283	16.240000000000002
0.03735019368098297	16.25
0.03729339282954823	16.26
0.037236700516736596	16.27
0.037180117010045324	16.28
0.03712364131883247	16.29
0.037067273577123395	16.3
0.03701101362444505	16.31
0.036954861451342615	16.32
0.036898815986621356	16.330000000000002
0.036842877816108066	16.34
0.03678704619330061	16.35
0.036731320971463935	16.36
0.03667570222230033	16.37
0.03662018940415561	16.38
0.0365647823690827	16.39
0.036509481026867095	16.4
0.036454285026150265	16.41
0.03639919376585475	16.42
0.036344207441006235	16.43
0.036289325652081955	16.44
0.03623454816223769	16.45
0.036179875289432575	16.46
0.036125305764527695	16.47
0.036070840194100666	16.48
0.03601647808656773	16.490000000000002
0.03596221885236635	16.5
0.03590806290461633	16.51
0.035854009319649036	16.52
0.03580005862297787	16.53
0.03574621024213146	16.54
0.03569246361599949	16.55
0.03563881882591849	16.56
0.03558527589552477	16.57
0.03553183446568833	16.580000000000002
0.03547849355579565	16.59
0.03542525394056076	16.6
0.035372115159303524	16.61
0.03531907631147598	16.62
0.035266138211122615	16.63
0.03521329976515276	16.64
0.035160561402418224	16.65
0.03510792248076011	16.66
0.03505538288474639	16.67
0.03500294226495321	16.68
0.03495060096024068	16.69
0.03489835790327636	16.7
0.03484621346168072	16.71
0.03479416743215258	16.72
0.03474221939162292	16.73
0.03469036922403621	16.740000000000002
0.0346386160665679	16.75
0.03458696100376643	16.76
0.03453540272904696	16.77
0.03448394140013835	16.78
0.03443257712800579	16.79
0.03438130897921689	16.8
0.034330137334843136	16.81
0.03427906200493308	16.82
0.03422808195347312	16.830000000000002
0.034177197786589085	16.84
0.03412640914442088	16.85
0.03407571578228042	16.86
0.03402511754206525	16.87
0.033974613880875866	16.88
0.03392420449851684	16.89
0.03387389019324145	16.9
0.03382367017163761	16.91
0.03377354341086051	16.92
0.033723510795107645	16.93
0.033673571793274445	16.94
0.033623726341767406	16.95
0.03357397339912633	16.96
0.033524313828950054	16.97
0.03347474688057724	16.98
0.03342527259980843	16.990000000000002
0.03337589034397241	17.0
0.03332660029301983	17.01
0.03327740231341903	17.02
0.033228296308728145	17.03
0.03317928167089353	17.04
0.03313035764390104	17.05
0.03308152565696108	17.06
0.03303278406368791	17.07
0.032984134053698135	17.080000000000002
0.03293557337693744	17.09
0.032887103682010914	17.1
0.03283872374260248	17.11
0.03279043374564752	17.12
0.03274223378256424	17.13
0.032694123062973555	17.14
0.0326461014609456	17.150000000000002
0.03259816967525705	17.16
0.03255032641621729	17.17
0.032502571870359	17.18
0.03245490603473679	17.19
0.03240732820060418	17.2
0.0323598389288562	17.21
0.03231243770523736	17.22
0.03226512409092315	17.23
0.032217897904892524	17.240000000000002
0.0321707589625546	17.25
0.032123707558209216	17.26
0.03207674282855366	17.27
0.032029864881463206	17.28
0.0319830738958075	17.29
0.031936369141306306	17.3
0.031889751009680986	17.31
0.031843218562445236	17.32
0.031796771822081155	17.330000000000002
0.03175041098644189	17.34
0.03170413581597759	17.35
0.031657945338762095	17.36
0.03161184041957738	17.37
0.03156582049043933	17.38
0.03151988542241026	17.39
0.0314740345352344	17.400000000000002
0.031428267895754314	17.41
0.031382586367308375	17.42
0.03133698777059292	17.43
0.031291474493457705	17.44
0.031246042984628165	17.45
0.031200695480875562	17.46
0.03115543200223555	17.47
0.03111025118505387	17.48
0.031065153227388932	17.490000000000002
0.031020138167417534	17.5
0.030975205290877127	17.51
0.030930355313576907	17.52
0.030885587143769634	17.53
0.030840901480280014	17.54
0.030796296848219797	17.55
0.030751774669636224	17.56
0.03070733348666553	17.57
0.03066297414853993	17.580000000000002
0.030618694858830953	17.59
0.03057449771377207	17.6
0.03053038091009618	17.61
0.03048634484525443	17.62
0.030442388843776653	17.63
0.030398513311599235	17.64
0.03035471779464931	17.650000000000002
0.030311002326290647	17.66
0.03026736617492519	17.67
0.030223810297535594	17.68
0.030180333342952916	17.69
0.030136935734068497	17.7
0.030093617148492187	17.71
0.030050377256759454	17.72
0.030007216396768805	17.73
0.029964134072278065	17.740000000000002
0.02992112998100987	17.75
0.029878203879319346	17.76
0.029835356373505078	17.77
0.029792586176441774	17.78
0.029749893937103714	17.79
0.02970727910740612	17.8
0.029664741772216518	17.81
0.029622281624925688	17.82
0.02957989831694892	17.830000000000002
0.029537592293256802	17.84
0.02949536252159065	17.85
0.02945320942747166	17.86
0.02941113281884241	17.87
0.02936913255030612	17.88
0.029327207719565575	17.89
0.029285358995899576	17.900000000000002
0.029243586316687793	17.91
0.02920188840336514	17.92
0.029160266691998317	17.93
0.02911872013964887	17.94
0.02907724831065205	17.95
0.02903585148574369	17.96
0.028994529592056388	17.97
0.028953282178825736	17.98
0.02891210898433357	17.990000000000002
0.02887101033788483	18.0
0.02882998598003318	18.01
0.028789034395319418	18.02
0.02874815764372233	18.03
0.028707354589682973	18.04
0.028666624493288117	18.05
0.028625968006041346	18.06
0.028585384940378454	18.07
0.028544873989397247	18.080000000000002
0.028504436807969956	18.09
0.028464071923931702	18.1
0.028423779574428945	18.11
0.028383559591416845	18.12
0.028343411819468485	18.13
0.028303336378247147	18.14
0.02826333238349978	18.150000000000002
0.02822340039218959	18.16
0.028183540009585683	18.17
0.028143751207702024	18.18
0.02810403277720378	18.19
0.02806438712666952	18.2
0.028024811274014925	18.21
0.027985306858901673	18.22
0.027945872988292274	18.23
0.02790650944221674	18.240000000000002
0.02786721647112069	18.25
0.027827993869540178	18.26
0.027788841171863313	18.27
0.027749758402830768	18.28
0.027710745462195218	18.29
0.027671803144461507	18.3
0.027632928725376305	18.31
0.02759412427844618	18.32
0.027555389062845527	18.330000000000002
0.02751672278647332	18.34
0.027478125771618307	18.35
0.027439597206814353	18.36
0.02740113693919255	18.37
0.027362745720013695	18.38
0.02732442283238533	18.39
0.02728616828330296	18.400000000000002
0.027247981325682957	18.41
0.027209862790270392	18.42
0.02717181165974595	18.43
0.02713382775047289	18.44
0.02709591158700174	18.45
0.027058063197229136	18.46
0.027020281360636847	18.47
0.02698256714552079	18.48
0.026944919552499502	18.490000000000002
0.026907338712318218	18.5
0.02686982425387356	18.51
0.026832376396191755	18.52
0.026794995374653362	18.53
0.026757679935933063	18.54
0.02672043083434868	18.55
0.026683247352011462	18.56
0.026646130075475494	18.57
0.02660907813140006	18.580000000000002
0.026572091884847823	18.59
0.026535170675462016	18.6
0.026498315199352737	18.61
0.026461524133062908	18.62
0.026424798833168263	18.63
0.026388137983990364	18.64
0.026351542286856267	18.650000000000002
0.026315009784703358	18.66
0.026278543095387335	18.67
0.026242139594337122	18.68
0.02620580082977262	18.69
0.026169526298954318	18.7
0.026133314929256968	18.71
0.026097167749532663	18.72
0.02606108406563401	18.73
0.026025064215999868	18.740000000000002
0.025989107476373577	18.75
0.02595321310903853	18.76
0.025917383211200015	18.77
0.025881615600881765	18.78
0.02584591094311912	18.79
0.025810268707985744	18.8
0.025774688698490016	18.81
0.025739171982061538	18.82
0.02570371691931863	18.830000000000002
0.0256683239645237	18.84
0.02563299324526192	18.85
0.025597724829796775	18.86
0.02556251762451577	18.87
0.025527372076169605	18.88
0.02549228829282107	18.89
0.02545726564824484	18.900000000000002
0.025422304116892204	18.91
0.025387404197725567	18.92
0.025352564698918872	18.93
0.025317786541497047	18.94
0.025283068852770298	18.95
0.025248411893552262	18.96
0.025213815361366604	18.97
0.025179279222922457	18.98
0.025144802509467067	18.990000000000002
0.02511038744926499	19.0
0.02507603148007192	19.01
0.02504173561875286	19.02
0.025007499595735172	19.03
0.024973322375485836	19.04
0.024939205635746708	19.05
0.02490514768528801	19.06
0.02487114961627014	19.07
0.02483721029073196	19.080000000000002
0.024803329187037843	19.09
0.024769507662289313	19.1
0.024735744993689336	19.11
0.02470204070864971	19.12
0.02466839523449394	19.13
0.024634807840052383	19.14
0.024601278794930948	19.150000000000002
0.024567807363317637	19.16
0.02453439490285429	19.17
0.024501040030407886	19.18
0.024467743036431178	19.19
0.024434503333004787	19.2
0.024401321494307397	19.21
0.0243681966376462	19.22
0.024335129726328748	19.23
0.024302119512296765	19.240000000000002
0.024269166685748477	19.25
0.024236270505852194	19.26
0.02420343121060764	19.27
0.024170649065728453	19.28
0.024137922451545085	19.29
0.024105253204602668	19.3
0.024072640466845048	19.31
0.02404008351515418	19.32
0.024007582954996654	19.330000000000002
0.02397513835203128	19.34
0.023942749642279732	19.35
0.023910416540183315	19.36
0.02387813936853468	19.37
0.02384591767817216	19.38
0.02381375153426345	19.39
0.02378164073445247	19.400000000000002
0.02374958465982511	19.41
0.023717584456605014	19.42
0.023685638558421467	19.43
0.023653747709184277	19.44
0.023621911597340697	19.45
0.02359013043554499	19.46
0.023558403674966467	19.47
0.023526731332219556	19.48
0.023495113333040087	19.490000000000002
0.02346354945992858	19.5
0.02343203967033081	19.51
0.02340058383722462	19.52
0.023369181903746154	19.53
0.023337833410738473	19.54
0.02330653955859569	19.55
0.02327529845567492	19.56
0.02324411141570737	19.57
0.023212977089275402	19.580000000000002
0.023181895674909372	19.59
0.023150866963942997	19.6
0.023119893255574602	19.61
0.02308897042216218	19.62
0.023058101791706035	19.63
0.023027285488585354	19.64
0.0229965214787151	19.650000000000002
0.02296580980004755	19.66
0.022935150681077102	19.67
0.022904543952387776	19.68
0.02287398902464055	19.69
0.02284348672291866	19.7
0.02281303576470032	19.71
0.022782636373846102	19.72
0.0227522894053145	19.73
0.022721993824740237	19.740000000000002
0.02269174953603601	19.75
0.0226615568360341	19.76
0.022631415279136393	19.77
0.02260132502018299	19.78
0.02257128571011515	19.79
0.022541297501054207	19.8
0.022511360132177693	19.81
0.022481473556983166	19.82
0.022451637746889824	19.830000000000002
0.022421852466885668	19.84
0.022392118163920803	19.85
0.022362432906205022	19.86
0.022332799001859888	19.87
0.022303214449697628	19.88
0.022273680958489542	19.89
0.02224419692216765	19.900000000000002
0.022214762486256267	19.91
0.022185377973019373	19.92
0.022156043578345743	19.93
0.022126758170509495	19.94
0.02209752269387122	19.95
0.02206833653940505	19.96
0.022039199009796527	19.97
0.022010110226613675	19.98
0.021981071882868016	19.990000000000002
0.02195208217045049	20.0
